627   163   369   946    80   328   902   340   441   992
 491   406   376   711   603   620   748   968    90   882
 780    19   841   921   863   888   401   690   183   572
 145   171   503   442   377   574    17   762   408   934
 130   719   176    25   413   378   523    18   380   277
 384   203   685   923   257   665   608   969   485   174
 440   323   789   721   640   361   791   653   190   708
  14   143   942   240   482   391    45   535   132   325
  32   668   899   701   120   911   399   288   500   823
 542   305   588   891   193   592    11   349   447    61
 292   734   296   232   138   747   357   600   162   237
 861   552   224   834   461   547   170   818   686   420
 105    46   267   559   757   388   601   355     1   216
 435   987   539   550   710   217   878   844   862   880
 437   426   108   198    16   729   903   929   468   159
 436   533   761   646    89    34   808   297    42   709
 981   743   937   104   397   865   922   744   898   579
 146   524   964   553   517   466   206   367   896   499
 264   434   849   586   944   732   290   700   936   474
 129   751   281   813   419   884    55    24    82   476
 577   452   186   642   697   460   107   628   585   207
577   452   186   642   697   460   107   628   585   207 11111
